10326556
18348535
1832881
13328452
18323251
18331866
16322240
17332494
11319543
18331886
1832375
1833132
16340271
17347650
14346171
17336138
1135534
14339866
17332178
10330122
18331895
15345432
18331865
13347968
1832603
12353468
14326748
18331769
17336291
1331154
1733959
1832567
16322241
19346956
18340494
12318429
10253506
18340763
15336272
20322921
17341751
13346294
17316031
17327847
18342473
13331477
17337090
13326550
16322251
16333836
12318138
17316041
13346105
17339954
16349324
13332885
1032492
10348666
19336661
18349542
16325149
16345970
18352307
17327016
16349320
18342430
16340274
16316169
17329281
17325957
15347345
11317389
10352481
10348476
11337141
1131814
16349250
16347425
16319902
16342186
17343201
13353897
16342189
18331907
1531977
18335250
16322263
16339557
10338244
18331774
19334516
17335751
1034268
17342116
17327485
19352540
16347476
17341896
16346936
17336127
16353984
11338112
17316127
17339955
18342566
17316066
10340536
17337081
19334517
17343086
15330367
16354142
17325582
14326814
18322861
16316092
16353993
16322257
16340049
16353980
18331899
15329370
19337172
10348572
17325967
17335628
14339856
16349397
17339956
15341003
1832377
18326328
16248803
17345591
10253377
18342494
103278
15320201
15341708
17311111
16353602
17327014
17342121
10348566
18331903
17311973
16340457
15341044
16325265
19338671
18343177
17332179
16322221
16349227
18334961
15317573
16349121
10348372
18338255
16342076
16343540
18331896
13341533
1832201
15345047
15345050
16316178
16245656
14343332
13340060
14345996
15341695
17330678
17327626
18342493
16237074
14339978
17349748
1534147
16349102
16328671
17336728
19338210
17325984
16331289
15343638
18323219
17339343
10352976
17332500
17337086
103697
17335484
16342978
10348569
16353633
17336107
16347493
1735018
16317953
16347471
16324554
18322834
16349123
10348559
18313148
10253373
16349124
17346948
17347350
17339957
1032067
15341698
17332492
18329034
17325976
17337085
15320773
16349219
1031802
1034313
17342529
17340301
1833035
17327809
12343040
17325971
15339123
16317952
18249508
10353113
18342457
17336135
1832987
16349237
102207
19334412
19333877
12343622
19336255
17327057
19332493
16349242
16317957
1633181
16354128
13335785
16345973
18341169
18342356
18340757
16322226
15341688
10348403
17340699
15342987
16349342
17332398
103661
1531984
18340240
19342289
10351741
16316177
17334831
16344930
19334747
16349228
16349232
17325949
17326921
17316016
17332505
17336663
17326835
10325673
10253561
13229123
1734004
18317232
10311303
16341173
13353817
13339753
1334659
17336134
1632930
16351607
10335081
17325975
17327040
13327736
16325148
17327873
18331770
18331762
15341650
14346129
16337742
1939216
16320870
14346122
1032662
10348568
17311033
15330366
16316183
10354191
18336620
17315970
18342492
11322748
1832379
10353794
16349345
16349334
17342530
13343341
10351485
1734504
19332453
15344971
12349705
17318046
19338206
10353114
16340535
16340287
19337149
16324552
18342431
16348069
10351483
18336640
133430
13328458
16341174
1334817
13328454
10348374
10354195
16328106
16340832
1833227
18332236
16245639